



a = [ 
 0.082747  , 
 0.088171  , 
 0.082976  , 
 0.082652  , 
 0.082824  , 
 0.083371  , 
 0.086662  , 
 0.083746  , 
 0.082580  , 
 0.084856  , 
 0.083552  , 
 0.084043  , 
 0.083217  , 
 0.082911  , 
 0.083846  , 
 0.087458  , 
 0.083297  , 
 0.082799  , 
 0.083663  , 
 0.082580  , 
 0.082618  , 
 0.082634  , 
 0.082618  , 
 0.085393  , 
 0.085719  , 
 0.084354  , 
 0.082645  , 
 0.083167  , 
 0.082586  , 
 0.082580  , 
 0.082603  , 
 0.083534  , 
 0.082909  , 
 0.082595  , 
 0.084820  , 
 0.082860  , 
 0.082580  , 
 0.082820  , 
 0.082789  , 
 0.083511  , 
 0.083529  , 
 0.083061  , 
 0.084358  , 
 0.082638  , 
 0.084685  , 
 0.083792  , 
 0.082842  , 
 0.082580  , 
 0.084066  , 
 0.082923  , 
 0.082760  , 
 0.083371  , 
 0.082836  , 
 0.085811  , 
 0.085957  , 
 0.084903  , 
 0.082640  , 
 0.082734  , 
 0.083864  , 
 0.082641  , 
 0.085235  , 
 0.082580  , 
 0.086115  , 
 0.083534  , 
 0.082834  , 
 0.082866  , 
 0.082820  , 
 0.082950  , 
 0.083204  , 
 0.082590  , 
 0.087574  , 
 0.084534  , 
 0.082596  , 
 0.086878  , 
 0.082681  , 
 0.082688  , 
 0.082980  , 
 0.083087  , 
 0.083028  , 
 0.084150  , 
 0.082825  , 
 0.082735  , 
 0.082827  , 
 0.083146  , 
 0.083122  , 
 0.086329  , 
 0.084195  , 
 0.082805  , 
 0.082698  , 
 0.089462  , 
 0.084070  , 
 0.082746  , 
 0.082581  , 
 0.082739  , 
 0.082580  , 
 0.083694  , 
 0.082956  , 
 0.083253  , 
 0.082802  , 
 0.083135  , 
 0.082644  , 
 0.084175  , 
 0.087097  , 
 0.084064  , 
 0.087676  , 
 0.085168  , 
 0.084191  , 
 0.082821  , 
 0.085685  , 
 0.083311  , 
 0.084496  , 
 0.083684  , 
 0.082835  , 
 0.082581  , 
 0.083394  , 
 0.082707  , 
 0.082823  , 
 0.084685  , 
 0.084305  , 
 0.084267  , 
 0.083732  , 
 0.082727  , 
 0.082711  , 
 0.085438  , 
 0.082605  , 
 0.082824  , 
 0.086659  , 
 0.083793  , 
 0.082863  , 
 0.082600  , 
 0.083020  , 
 0.082658  , 
 0.087785  , 
 0.082584  , 
 0.084570  , 
 0.082724  , 
 0.084614  , 
 0.083088  , 
 0.082645  , 
 0.082589  , 
 0.082603  , 
 0.084982  , 
 0.082581  , 
 0.082956  , 
 0.082998  , 
 0.084231  , 
 0.083598  , 
 0.082585  , 
 0.082629  , 
 0.082916  , 
 0.083058  , 
 0.082583  , 
 0.082583  , 
 0.084148  , 
 0.083713  , 
 0.087071  , 
 0.082592  , 
 0.083344  , 
 0.082773  , 
 0.083023  , 
 0.082602  , 
 0.082588  , 
 0.082721  , 
 0.082755  , 
 0.082953  , 
 0.082696  , 
 0.084819  , 
 0.082598  , 
 0.082580  , 
 0.083935  , 
 0.082956  , 
 0.094624  , 
 0.083101  , 
 0.082703  , 
 0.082665  , 
 0.083279  , 
 0.082581  , 
 0.083586  , 
 0.082704  , 
 0.083454  , 
 0.086814  , 
 0.082718  , 
 0.082931  , 
 0.088250  , 
 0.082580  , 
 0.084331  , 
 0.082621  , 
 0.082596  , 
 0.082734  , 
 0.092452  , 
 0.082812  , 
 0.082641  , 
 0.083100  , 
 0.087461  , 
 0.083651  , 
 0.084411  , 
 0.084506  , 
 0.082708  , 
 0.083499  , 
 0.082586  , 
 0.082588  , 
 0.082580  , 
 0.083085  , 
 0.085378  , 
 0.082711  , 
 0.082779  , 
 0.085646  , 
 0.083011  , 
 0.082968  , 
 0.082891  , 
 0.082824  , 
 0.082872  , 
 0.082580  , 
 0.082667  , 
 0.085777  , 
 0.083381  , 
 0.082583  , 
 0.083375  , 
 0.083185  , 
 0.084385  , 
 0.085507  , 
 0.082581  , 
 0.082752  , 
 0.085194  , 
 0.082610  , 
 0.083488  , 
 0.084017  , 
 0.084573  , 
 0.085363  , 
 0.082660  , 
 0.082586  , 
 0.082615  , 
 0.085198  , 
 0.084597  , 
 0.082749  , 
 0.083390  , 
 0.083018  , 
 0.082669  , 
 0.082633  , 
 0.082668  , 
 0.083324  , 
 0.082839  , 
 0.082588  , 
 0.083154  , 
 0.083159  , 
 0.082580  , 
 0.082678  , 
 0.082869  , 
 0.087368  , 
 0.082602  , 
 0.083713  , 
 0.083489  , 
 0.082981  , 
 0.083077  , 
 0.084084  , 
 0.083580  , 
 0.082654  , 
 0.083080  , 
 0.082776  , 
 0.082821  , 
 0.084727  , 
 0.082673  , 
 0.082615  , 
 0.082639  , 
 0.083602  , 
 0.085874  , 
 0.082611  , 
 0.082634  , 
 0.083407  , 
 0.082589  , 
 0.086906  , 
 0.082957  , 
 0.084975  , 
 0.082727  , 
 0.082582  , 
 0.082849  , 
 0.083835  , 
 0.084391  , 
 0.084383  , 
 0.082667  , 
 0.082666  , 
 0.082655  , 
 0.087194  , 
 0.082903  , 
 0.083223  , 
 0.083969  , 
 0.083497  , 
 0.082718  , 
 0.085533  , 
 0.082598  , 
 0.082760  , 
 0.082984  , 
 0.082724  , 
 0.082762  , 
 0.084449  , 
 0.083043  , 
 0.086497  , 
 0.082581  , 
 0.083827  , 
 0.087664  , 
 0.082674  , 
 0.082587  , 
 0.083856  , 
 0.082726  , 
 0.082610  , 
 0.085289  , 
 0.083219  , 
 0.083839  , 
 0.084109  , 
 0.082696  , 
 0.087353  , 
 0.083247  , 
 0.083851  , 
 0.082976  , 
 0.085080  , 
 0.083112  , 
 0.085471  , 
 0.085810  , 
 0.082979  , 
 0.084436  , 
 0.085100  , 
 0.083163  , 
 0.083999  , 
 0.082597  , 
 0.083410  , 
 0.082844  , 
 0.083984  , 
 0.084009  , 
 0.082583  , 
 0.083835  , 
 0.082917  , 
 0.084642  , 
 0.083562  , 
 0.083025  , 
 0.084930  , 
 0.082958  , 
 0.084098  , 
 0.083439  , 
 0.083670  , 
 0.082613  , 
 0.082634  , 
 0.087896  , 
 0.083431  , 
 0.083128  , 
 0.082692  , 
 0.083419  , 
 0.082582  , 
 0.094356  , 
 0.082585  , 
 0.083127  , 
 0.086351  , 
 0.082804  , 
 0.083549  , 
 0.083070  , 
 0.083269  , 
 0.083583  , 
 0.084140  , 
 0.083233  , 
 0.082612  , 
 0.083429  , 
 0.082628  , 
 0.084599  , 
 0.082671  , 
 0.082734  , 
 0.082851  , 
 0.083620  , 
 0.082630  , 
 0.086730  , 
 0.084213  , 
 0.086942  , 
 0.082580  , 
 0.083544  , 
 0.082581  , 
 0.083153  , 
 0.082927  , 
 0.083554  , 
 0.082603  , 
 0.084012  , 
 0.084702  , 
 0.082926  , 
 0.083233  , 
 0.082612  , 
 0.083716  , 
 0.082787  , 
 0.084548  , 
 0.082592  , 
 0.082652  , 
 0.082656  , 
 0.082739  , 
 0.082591  , 
 0.082749  , 
 0.083174  , 
 0.082731  , 
 0.083655  , 
 0.082700  , 
 0.085032  , 
 0.082673  , 
 0.084162  , 
 0.083078  , 
 0.082622  , 
 0.083345  , 
 0.082722  , 
 0.083232  , 
 0.083588  , 
 0.082582  , 
 0.082680  , 
 0.085712  , 
 0.082727  , 
 0.083593  , 
 0.083737  , 
 0.083608  , 
 0.082847  , 
 0.083137  , 
 0.084570  , 
 0.082580  , 
 0.083121  , 
 0.084611  , 
 0.084168  , 
 0.082614  , 
 0.082740  , 
 0.085207  , 
 0.082605  , 
 0.087068  , 
 0.086552  , 
 0.082635  , 
 0.083046  , 
 0.082651  , 
 0.085762  , 
 0.089343  , 
 0.082706  , 
 0.082692  , 
 0.085234  , 
 0.083937  , 
 0.083225  , 
 0.085609  , 
 0.082582  , 
 0.082581  , 
 0.083566  , 
 0.082745  , 
 0.085167  , 
 0.082664  , 
 0.082706  , 
 0.086935  , 
 0.083273  , 
 0.082596  , 
 0.082588  , 
 0.082639  , 
 0.087026  , 
 0.093515  , 
 0.082929  , 
 0.082754  , 
 0.082789  , 
 0.082714  , 
 0.082580  , 
 0.083058  , 
 0.082655  , 
 0.083262  , 
 0.082817  , 
 0.082595  , 
 0.082627  , 
 0.088482  , 
 0.082701  , 
 0.082580  , 
 0.082593  , 
 0.082645  , 
 0.082922  , 
 0.082618  , 
 0.083501  , 
 0.083004  , 
 0.082611  , 
 0.085781  , 
 0.082770  , 
 0.085877  , 
 0.088490  , 
 0.082936  , 
 0.083871  , 
 0.082721  , 
 0.082742  , 
 0.082687  , 
 0.083863  , 
 0.082598  , 
 0.084906  , 
 0.082697  , 
 0.082581  , 
 0.089792  , 
 0.082684  , 
 0.084291  , 
 0.082621  , 
 0.083266  , 
 0.083064  , 
 0.082919  , 
 0.082707  , 
 0.084556  , 
 0.084873  , 
 0.082668  , 
 0.082588  , 
 0.082752  , 
 0.082781  , 
 0.082897  , 
 0.082910  , 
 0.083395  , 
 0.083446  , 
 0.082581  , 
 0.083365  , 
 0.082825  , 
 0.082861  , 
 0.085217  , 
 0.084927  , 
 0.083423  , 
 0.082989  , 
 0.082604  , 
 0.082596  , 
 0.082580  , 
 0.084061  , 
 0.084060  , 
 0.085040  , 
 0.082738  , 
 0.083564  , 
 0.082675  , 
 0.083559  , 
 0.082597  , 
 0.082581  , 
 0.086279  , 
 0.084914  , 
 0.082803  , 
 0.084699  , 
 0.083296  , 
 0.087436  , 
 0.083012  , 
 0.082815  , 
 0.090450  , 
 0.082869  , 
 0.086597  , 
 0.084630  , 
 0.085796  , 
 0.082718  , 
 0.083141  , 
 0.082812  , 
 0.082917  , 
 0.089082  , 
 0.082875  , 
 0.084333  , 
 0.083552  , 
 0.082868  , 
 0.082796  , 
 0.082607  , 
 0.084768  , 
 0.082618  , 
 0.082590  , 
 0.082651  , 
 0.082837  , 
 0.082585  , 
 0.085527  , 
 0.084051  , 
 0.083431  , 
 0.082648  , 
 0.083570  , 
 0.083797  , 
 0.084898  , 
 0.082658  , 
 0.084442  , 
 0.082580  , 
 0.082580  , 
 0.084962  , 
 0.084146  , 
 0.084195  , 
 0.082966  , 
 0.082800  , 
 0.083649  , 
 0.082908  , 
