

z =  [ 
 0.2552934885025024  , 
 0.2553128600120544  , 
 0.2553288638591766  , 
 0.2555150687694550  , 
 0.3180297315120697  , 
 0.3181082010269165  , 
 0.3181041777133942  , 
 0.2552793323993683  , 
 0.2556750774383545  , 
 0.2552838027477264  , 
 0.2588516473770142  , 
 0.3179977238178253  , 
 0.3179168999195099  , 
 0.2666096389293671  , 
 0.3179930746555328  , 
 0.3179099857807159  , 
 0.2552999258041382  , 
 0.2554129660129547  , 
 0.2552790939807892  , 
 0.2552793622016907  , 
 0.3179112076759338  , 
 0.2553640305995941  , 
 0.3179111480712891  , 
 0.2552880346775055  , 
 0.3179192841053009  , 
 1.4952244758605957  , 
 0.3179118335247040  , 
 0.3181238174438477  , 
 0.2552821040153503  , 
 15.1084938049316406  , 
 0.2552787065505981  , 
 0.2555493712425232  , 
 0.2555490732192993  , 
 0.2553182840347290  , 
 0.2558054924011230  , 
 0.2553181648254395  , 
 0.2553515434265137  , 
 0.3179751336574554  , 
 0.2552829384803772  , 
 0.2553213536739349  , 
 0.2552786469459534  , 
 0.2554422318935394  , 
 0.3179213106632233  , 
 0.2553285956382751  , 
 0.3180361986160278  , 
 0.2553153336048126  , 
 0.3185171186923981  , 
 0.2567201852798462  , 
 0.3182808458805084  , 
 0.2556396722793579  , 
 0.2552793025970459  , 
 0.2553119659423828  , 
 0.2553859353065491  , 
 0.3179860413074493  , 
 0.3179431557655334  , 
 0.3182369768619537  , 
 0.2552795410156250  , 
 0.2553040981292725  , 
 0.2554942965507507  , 
 0.2552849352359772  , 
 0.2553326785564423  , 
 0.2553384900093079  , 
 0.3179665207862854  , 
 0.2554022371768951  , 
 0.3179976046085358  , 
 0.3184334337711334  , 
 0.2553028762340546  , 
 0.3179104626178741  , 
 0.2552787661552429  , 
 0.2559554874897003  , 
 0.3179100155830383  , 
 0.2552787363529205  , 
 0.3179430067539215  , 
 0.2553848326206207  , 
 0.3185539543628693  , 
 0.2553001940250397  , 
 0.2552808225154877  , 
 0.2555036544799805  , 
 0.2556121051311493  , 
 0.3189145922660828  , 
 0.2553003132343292  , 
 0.3189611434936523  , 
 0.2566147446632385  , 
 0.2553424239158630  , 
 0.3185877203941345  , 
 0.3179177939891815  , 
 0.3183028399944305  , 
 0.3179464042186737  , 
 0.2553540766239166  , 
 0.2552799880504608  , 
 0.3179106414318085  , 
 0.3179991841316223  , 
 0.3180218338966370  , 
 0.3180676996707916  , 
 0.3179579973220825  , 
 0.2552991211414337  , 
 0.2553809881210327  , 
 0.3179108798503876  , 
 0.2581703960895538  , 
 0.2574427723884583  , 
 0.3180661201477051  , 
 0.3188911378383636  , 
 0.3179152011871338  , 
 0.2554774880409241  , 
 0.3180322349071503  , 
 0.3180715441703796  , 
 0.3182534873485565  , 
 0.3179117441177368  , 
 0.2552791535854340  , 
 0.2554765343666077  , 
 0.3179129064083099  , 
 0.3293930888175964  , 
 0.3179193139076233  , 
 0.3189308941364288  , 
 0.3179105818271637  , 
 0.2557448148727417  , 
 0.3179887235164642  , 
 0.3181943297386169  , 
 0.3179684281349182  , 
 0.2555269598960876  , 
 0.2567616105079651  , 
 0.2553716003894806  , 
 0.2552835941314697  , 
 0.2554864287376404  , 
 0.3193541765213013  , 
 0.2552850544452667  , 
 0.3180030286312103  , 
 0.3181779682636261  , 
 0.2553080618381500  , 
 0.3179653286933899  , 
 0.2553584575653076  , 
 0.2554860115051270  , 
 0.3181864023208618  , 
 0.2553539276123047  , 
 0.3179969787597656  , 
 0.2563833594322205  , 
 0.3180072605609894  , 
 0.3179336190223694  , 
 0.2564726769924164  , 
 0.3180131614208221  , 
 0.2555516064167023  , 
 0.3179396092891693  , 
 0.2553709447383881  , 
 0.2553011775016785  , 
 0.2553902566432953  , 
 0.2560894191265106  , 
 0.2554396986961365  , 
 0.2561092376708984  , 
 0.2554130554199219  , 
 0.2554777860641479  , 
 0.2555002868175507  , 
 0.3183446526527405  , 
 0.3179135024547577  , 
 0.3181973099708557  , 
 0.3179816901683807  , 
 0.2554169595241547  , 
 0.3179137110710144  , 
 0.3185693919658661  , 
 0.3179370462894440  , 
 0.3179275393486023  , 
 0.3179785907268524  , 
 0.2554071843624115  , 
 0.3179302513599396  , 
 0.3179118335247040  , 
 0.3180420100688934  , 
 0.2552887499332428  , 
 0.2557272017002106  , 
 0.3179567158222198  , 
 0.2564404010772705  , 
 0.2552786767482758  , 
 0.2562964558601379  , 
 0.3179176449775696  , 
 0.2554032206535339  , 
 0.2552822232246399  , 
 0.3180492222309113  , 
 0.3179171383380890  , 
 0.2553435564041138  , 
 0.2552789747714996  , 
 0.3179115056991577  , 
 0.3181986510753632  , 
 0.2554340362548828  , 
 0.2763812541961670  , 
 0.3180153071880341  , 
 0.3179104924201965  , 
 0.3179311156272888  , 
 0.3179272115230560  , 
 0.2555418014526367  , 
 0.3179675042629242  , 
 0.3188981115818024  , 
 0.2553042471408844  , 
 0.3182780146598816  , 
 0.2946192324161530  , 
 0.3180873990058899  , 
 0.3179816901683807  , 
 0.3179105222225189  , 
 0.3185332715511322  , 
 0.3185205757617950  , 
 0.2552872300148010  , 
 0.3183234333992004  , 
 0.2552956938743591  , 
 0.3181658089160919  , 
 0.3193766176700592  , 
 0.2552789449691772  , 
 0.3279923200607300  , 
 0.3180258274078369  , 
 0.3179804384708405  , 
 0.3179107010364532  , 
 0.2552786767482758  , 
 0.2553159296512604  , 
 0.3181002736091614  , 
 0.2553017437458038  , 
 0.2552832663059235  , 
 0.3183144330978394  , 
 0.2554907500743866  , 
 0.2552818357944489  , 
 0.2553952336311340  , 
 0.2561384439468384  , 
 0.3179317116737366  , 
 0.2552889883518219  , 
 0.3179195523262024  , 
 0.3179129064083099  , 
 0.2555212378501892  , 
 0.2552824020385742  , 
 0.2554821372032166  , 
 0.2582693397998810  , 
 0.2556495070457458  , 
 0.2554413974285126  , 
 0.2552786469459534  , 
 0.3183760941028595  , 
 0.3180415034294128  , 
 0.3179186284542084  , 
 0.3179143965244293  , 
 0.2558743655681610  , 
 0.3181732594966888  , 
 0.2552811205387115  , 
 0.2553027570247650  , 
 0.2554336786270142  , 
 0.3181668519973755  , 
 0.3183111846446991  , 
 0.3180262744426727  , 
 0.2553337514400482  , 
 0.2554133236408234  , 
 0.3180811107158661  , 
 0.2556047439575195  , 
 0.3179573416709900  , 
 0.3179099559783936  , 
 0.3187309205532074  , 
 0.3179212510585785  , 
 0.2553101181983948  , 
 0.2552880942821503  , 
 0.2552946805953979  , 
 0.2552976310253143  , 
 0.3181028664112091  , 
 0.2554007172584534  , 
 0.2555773854255676  , 
 0.3179312646389008  , 
 0.2557956874370575  , 
 0.2552815079689026  , 
 0.2552829384803772  , 
 0.3179495036602020  , 
 0.2553991973400116  , 
 0.2552790939807892  , 
 0.2552815973758698  , 
 0.2558373510837555  , 
 0.3180012106895447  , 
 0.3179215192794800  , 
 0.2555124759674072  , 
 0.2552817761898041  , 
 0.3179099559783936  , 
 0.3181394040584564  , 
 0.3179748356342316  , 
 0.3179262578487396  , 
 0.2552786767482758  , 
 0.2573486864566803  , 
 9.1731061935424805  , 
 0.2557831704616547  , 
 0.3213688731193542  , 
 0.3187325894832611  , 
 0.2553065121173859  , 
 0.3179983496665955  , 
 0.2557955384254456  , 
 0.2554672658443451  , 
 0.2562849223613739  , 
 0.3179183304309845  , 
 0.3235884606838226  , 
 0.2552827596664429  , 
 0.3181823492050171  , 
 0.2552825212478638  , 
 0.3179166615009308  , 
 0.3185260891914368  , 
 0.2557347416877747  , 
 1.0634875297546387  , 
 0.2552825212478638  , 
 0.2553288340568542  , 
 0.3179258406162262  , 
 0.3179974853992462  , 
 0.3180505633354187  , 
 0.2554623484611511  , 
 0.3198279440402985  , 
 0.3180078864097595  , 
 0.2560219764709473  , 
 0.3179582655429840  , 
 0.3179645538330078  , 
 0.2553624808788300  , 
 0.2552833557128906  , 
 0.2553158104419708  , 
 0.3179179131984711  , 
 0.3179163038730621  , 
 0.3179163932800293  , 
 0.3179106414318085  , 
 0.3179529011249542  , 
 0.3179766535758972  , 
 0.2553340196609497  , 
 0.3179122507572174  , 
 0.3179229497909546  , 
 0.2552801668643951  , 
 0.2565874159336090  , 
 0.2563072443008423  , 
 0.2556194067001343  , 
 0.3179217875003815  , 
 0.3184786736965179  , 
 0.3179258406162262  , 
 0.2569345533847809  , 
 0.3179601132869720  , 
 0.3179349005222321  , 
 0.2558667063713074  , 
 0.2552804648876190  , 
 0.2552911341190338  , 
 0.3179288506507874  , 
 0.3180454671382904  , 
 0.3179281949996948  , 
 0.3179528117179871  , 
